4294967279,41
4294967279,39
4294967279,37
4294967279,36
4294967279,34
4294967279,33
4294967279,31
4294967279,29
4294967279,28
4294967279,27
4294967279,26
4294967279,24
4294967279,22
4294967279,21
4294967279,20
4294967279,19
4294967279,18
4294967279,17
4294967279,16
4243767290,0
4243767289,0
4294967294,18
4294967294,127
4294967294,14
4294967294,963
4294967294,962
4294967294,911
4294967294,910
4294967294,909
4294967294,907
4294967294,906
4294967294,901
4294967294,899
4294967294,157
4294967294,439
4294967294,159
4294967294,158
4294967294,896
4294967294,912
4294967294,960
4294967294,1508
4294967294,1522
4294967294,1518
4294967294,1507
4294967294,1557
4294967294,1527
4294967294,1519
4294967294,1501
4294967294,1500
4294967294,1526
4294967294,1525
4294967294,1504
4294967294,1517
4294967294,1513
4294967294,1514
4294967294,1559
4294967294,1560
4294967294,1516
4294967294,1561
4294967294,1566
4294967294,1502
4294967294,521
4294967294,1528
4294967294,1571
4294967294,984
4294967294,981
4294967294,980
4294967294,973
4294967294,989
4294967279,148
4294967279,145
4294967279,141
4294967294,1825
4294967294,518
4294967279,136
4294967294,89
4294967294,1823
4294967294,1824
4294967294,1821
4294967279,134
4294967279,273
4294967294,61
4294967294,985
4294967294,983
4294967294,423
4294967279,271
4294967279,13
4294967279,12
4294967279,11
4294967294,988
4294967294,905
4294967294,965
4294967294,902
4294967294,904
4294967294,964
4294967294,148
4294967294,961
4294967294,41
4294967294,107
4294967294,416
4294967294,7
4294967294,94
4294967294,96
4294967294,42
13,5
13,4
13,3
13,2
13,1
4294967279,278
4294967294,8
0,7
4294967294,142
4294967294,2
4294967294,0
4294967294,941
4294967294,1896
4294967294,45
4294967294,1160
4294967294,141
4294967294,53
4294967294,1189
4294967294,1411
4294967294,1564
4294967294,1410
4294967294,92
4294967294,91
4294967294,90
4294967294,88
4294967294,87
4294967294,86
4294967294,85
4294967294,84
4294967294,82
4294967294,5
4294967294,99
4294967294,76
4294967294,115
4294967294,51
4294967294,52
4294967294,165
4294967294,1418
4294967294,1426
4294967294,161
4294967294,1497
4294967294,979
4294967294,977
4294967294,1850
4294967294,1887
4294967294,83
4294967294,992
4294967294,969
4294967294,12
4294967278,132
4294967278,131
4294967278,130
4294967278,129
4294967278,128
4294967278,127
4294967278,126
4294967278,125
4294967278,124
4294967278,123
4294967278,122
4294967278,121
4294967278,120
4294967278,119
4294967278,118
4294967278,117
4294967278,116
4294967278,115
4294967278,114
4294967278,113
4294967278,112
4294967278,111
4294967278,110
4294967278,109
4294967278,108
4294967278,107
4294967278,106
4294967278,105
4294967278,104
4294967278,103
4294967278,102
4294967278,101
4294967278,100
4294967278,99
4294967278,98
4294967278,97
4294967278,96
4294967278,95
4294967278,94
4294967278,93
4294967278,92
4294967278,91
4294967278,90
4294967278,89
4294967278,87
4294967278,86
4294967278,85
4294967278,84
4294967278,83
4294967278,82
4294967278,81
4294967278,80
4294967278,79
4294967278,78
4294967278,77
4294967278,76
4294967278,75
4294967278,74
4294967278,73
4294967278,72
4294967278,71
4294967278,70
4294967278,69
4294967278,68
4294967278,67
4294967278,66
4294967278,65
4294967278,64
4294967278,63
4294967278,62
4294967278,61
4294967278,60
4294967278,59
4294967279,81
4294967279,78
4294967279,75
4294967279,73
4294967279,70
4294967279,68
4294967279,67
4294967279,63
4294967279,61
4294967279,58
4294967279,55
4294967279,53
4294967279,51
4294967279,49
4294967279,48
4294967279,45
4294967279,42
4294967279,40
4294967279,38
4294967279,35
4294967279,32
4294967279,30
4294967279,25
4294967279,23
4294967279,15
4294967279,9
4294967279,6
4294967279,446
4294967279,5
4294967279,398
4294967279,4
4294967279,14
4294967279,447
4294967294,50
4294967294,22
4294967294,1159
4294967294,1549
4294967294,15
4294967294,1493
4294967294,427
4294967294,44
4294967294,974
4294967279,10
4294967279,406
4294967294,46
4294967294,1
4294967294,386
4294967294,1417
4294967294,942
4294967294,1498
4294967294,1551
4294967294,2307
4294967294,93
4294967294,95
4294967294,17
4294967294,43
4294967294,1491
4294967294,1541
4294967294,1409
4294967294,104
4294967294,106
4294967294,24
4294967294,1548
4294967294,1408
0,5
4294967279,8
4294967279,391
4294967279,7
4294967279,295
4294967294,6
4294967294,1547
4294967294,11
4294967294,81
4294967294,972
4294967294,1546
4294967294,68
4294967294,67
4243767290,3
4243767290,2
4294967294,126
4294967294,20
4294967294,13
4294967278,331
4294967293,131
4294967293,130
4294967293,129
4294967293,128
4294967293,127
4294967293,126
4294967293,125
4294967293,124
4294967293,123
4294967293,122
4294967293,121
